RESPONSIVENESS OF THE RUCHO MAP
-------------------------------

> 'composite' not shifted w/ fractional seats

0.4878, 3.6365

'composite', proportional shift, and fractional seats

XX, n, POWER, n', POWER', v/t, s, SKEW, s', SKEW'
NC, 13, 735829, 18, 531432, 0.4400, 3, 0.2092, 8, 0.0044
NC, 13, 735829, 18, 531432, 0.4500, 3, 0.2192, 8, 0.0056
NC, 13, 735829, 18, 531432, 0.4600, 3, 0.2292, 8, 0.0156
NC, 13, 735829, 18, 531432, 0.4700, 3, 0.2392, 8, 0.0256
NC, 13, 735829, 18, 531432, 0.4800, 3, 0.2492, 8, 0.0356
NC, 13, 735829, 18, 531432, 0.4900, 3, 0.2592, 8, 0.0456
NC, 13, 735829, 18, 531432, 0.5000, 3, 0.2692, 8, 0.0556
NC, 13, 735829, 18, 531432, 0.5100, 4, 0.2023, 9, 0.0100
NC, 13, 735829, 18, 531432, 0.5200, 4, 0.2123, 9, 0.0200
NC, 13, 735829, 18, 531432, 0.5300, 5, 0.1454, 10, 0.0256

> 'composite' not shifted w/ FPTP seats

0.4878, 3.0000

'composite', proportional shift, and FPTP seats

XX, n, POWER, n', POWER', v/t, s, SKEW, s', SKEW'
NC, 13, 735829, 18, 531432, 0.4400, 3, 0.2092, 8, 0.0044
NC, 13, 735829, 18, 531432, 0.4500, 3, 0.2192, 8, 0.0056
NC, 13, 735829, 18, 531432, 0.4600, 3, 0.2292, 8, 0.0156
NC, 13, 735829, 18, 531432, 0.4700, 3, 0.2392, 8, 0.0256
NC, 13, 735829, 18, 531432, 0.4800, 3, 0.2492, 8, 0.0356
NC, 13, 735829, 18, 531432, 0.4900, 3, 0.2592, 8, 0.0456
NC, 13, 735829, 18, 531432, 0.5000, 3, 0.2692, 8, 0.0556
NC, 13, 735829, 18, 531432, 0.5100, 3, 0.2792, 8, 0.0656
NC, 13, 735829, 18, 531432, 0.5200, 5, 0.1354, 9, 0.0200
NC, 13, 735829, 18, 531432, 0.5300, 5, 0.1454, 10, 0.0256


> 'actuals' not shifted w/ fractional seats

0.4865,3.1809

'actuals', proportional shift, and fractional seats

XX, n, POWER, n', POWER', v/t, s, SKEW, s', SKEW'
NC, 13, 735829, 18, 531432, 0.4400, 3, 0.2092, 8, 0.0044
NC, 13, 735829, 18, 531432, 0.4500, 3, 0.2192, 8, 0.0056
NC, 13, 735829, 18, 531432, 0.4600, 3, 0.2292, 8, 0.0156
NC, 13, 735829, 18, 531432, 0.4700, 3, 0.2392, 8, 0.0256
NC, 13, 735829, 18, 531432, 0.4800, 3, 0.2492, 8, 0.0356
NC, 13, 735829, 18, 531432, 0.4900, 3, 0.2592, 8, 0.0456
NC, 13, 735829, 18, 531432, 0.5000, 3, 0.2692, 8, 0.0556
NC, 13, 735829, 18, 531432, 0.5100, 3, 0.2792, 8, 0.0656
NC, 13, 735829, 18, 531432, 0.5200, 4, 0.2123, 9, 0.0200
NC, 13, 735829, 18, 531432, 0.5300, 4, 0.2223, 9, 0.0300

> 'actuals' not shifted w/ FPTP seats

0.4865,3.0000

'actuals', proportional shift, and FPTP seats

XX, n, POWER, n', POWER', v/t, s, SKEW, s', SKEW'
NC, 13, 735829, 18, 531432, 0.4400, 3, 0.2092, 8, 0.0044
NC, 13, 735829, 18, 531432, 0.4500, 3, 0.2192, 8, 0.0056
NC, 13, 735829, 18, 531432, 0.4600, 3, 0.2292, 8, 0.0156
NC, 13, 735829, 18, 531432, 0.4700, 3, 0.2392, 8, 0.0256
NC, 13, 735829, 18, 531432, 0.4800, 3, 0.2492, 8, 0.0356
NC, 13, 735829, 18, 531432, 0.4900, 3, 0.2592, 8, 0.0456
NC, 13, 735829, 18, 531432, 0.5000, 3, 0.2692, 8, 0.0556
NC, 13, 735829, 18, 531432, 0.5100, 3, 0.2792, 8, 0.0656
NC, 13, 735829, 18, 531432, 0.5200, 3, 0.2892, 8, 0.0756
NC, 13, 735829, 18, 531432, 0.5300, 3, 0.2992, 8, 0.0856